35121
35133
36203
36207
36265
35085
35474
35005
35020
35022
35023
35062
35068
35071
35094
35117
35126
35127
35173
35180
35204
35206
35208
35209
35210
35212
35214
35215
35217
35226
35228
35235
35244
35611
35613
35620
35756
35749
35750
35757
35758
35759
35761
35763
35773
35801
35802
35803
35805
35806
35810
35811
35816
35824
35004
35120
35125
35128
35953
35007
35080
35096
35160
35456
35133
76208
35005
35020
35022
35023
35068
35071
35073
35094
35116
35117
35126
35127
35173
35206
35209
35210
35211
35213
35214
35215
35216
35217
35228
35235
35611
35613
35614
35739
35756
35749
35750
35757
35758
35759
35761
35773
35801
35803
35805
35806
35810
35811
35816
35601
35007
35040
35078
35080
35114
35115
35124
35143
35404
37122
93550
93551
93552
92557
92404
32780
32907
32908
32926
32927
32934
32935
33952
33953
34224
32003
32043
32065
32068
32073
32656
32202
32204
32205
32207
32208
32209
32210
32211
32216
32217
32218
32219
32220
32221
32222
32223
32224
32225
32226
32233
32234
32244
32246
32250
32256
32257
32258
32266
32277
34604
34606
34608
33510
33511
33534
33548
33549
33556
33559
33563
33565
33566
33567
33569
33570
33572
33573
33578
33579
33584
33594
33596
33598
33602
33603
33604
33605
33607
33609
33610
33611
33612
33613
33614
33615
33616
33617
33618
33619
33624
33625
33626
33634
33635
33637
33647
32757
32784
34711
34753
34205
34221
32034
32097
32703
32712
32751
32789
32792
32803
32804
32805
32807
32808
32809
32810
32811
32812
32817
32818
32819
32820
32822
32824
32825
32828
32835
32839
34734
34761
34787
34741
34743
34758
34769
33523
33542
33543
34610
34638
34639
34652
34653
34654
34655
34667
34668
34669
34690
34691
33701
33702
33703
33704
33705
33707
33708
33709
33710
33711
33712
33713
33714
33755
33756
33759
33760
33761
33763
33764
33765
33770
33771
33772
33773
33774
33777
33778
33781
33782
34677
34683
34684
34689
34695
34698
32738
33801
33803
33809
33810
33812
33813
33844
33847
33853
33860
33880
33881
33884
33897
33898
34759
32033
32080
32081
32082
32084
32086
32092
32095
32259
34953
34287
32707
32117
32119
32169
32174
32713
32720
32724
32725
32738
32763
34759
32003
32073
32204
32207
32210
32217
32218
32034
32046
33805
33810
33823
32084
32724
32725
32738
30121
30179
30180
30102
30107
30114
30115
30183
30188
30189
30236
30238
30260
30273
30274
30288
30296
30297
30008
30060
30062
30064
30066
30068
30080
30082
30101
30106
30126
30127
30144
30152
30168
30263
30265
30276
30277
30030
30032
30033
30034
30035
30038
30058
30083
30084
30087
30088
30294
30317
30319
30338
30341
30122
30134
30135
30187
30214
30215
30028
30040
30041
30004
30005
30009
30022
30075
30076
30097
30213
30268
30272
30291
30305
30308
30310
30311
30312
30314
30315
30316
30318
30328
30331
30337
30344
30349
30350
30354
30017
30019
30024
30039
30043
30044
30045
30046
30047
30071
30078
30093
30096
30518
30519
30506
30228
30248
30252
30253
30281
30014
30016
30054
30132
30141
30157
30153
30012
30013
30094
30052
30082
30106
30126
30168
30032
30034
30035
30038
30058
52722
52802
52803
52804
52806
52807
60131
60153
60154
60155
60164
60171
60193
60302
60402
60406
60409
60411
60419
60422
60425
60426
60428
60429
60430
60438
60439
60443
60445
60452
60453
60455
60456
60458
60459
60461
60464
60466
60469
60471
60472
60473
60475
60477
60478
60482
60501
60617
60619
60620
60621
60624
60628
60629
60632
60634
60636
60637
60639
60643
60649
60652
60707
60803
60804
60805
60827
60425
60115
60106
60126
60563
60565
61241
61443
60120
60505
60542
60560
60084
60096
60099
60014
60050
61559
61201
61244
61264
61265
61282
60403
60404
60417
60435
60436
60440
60441
60446
60484
60586
46077
46032
46033
46034
46038
46060
46062
46074
46280
46040
46055
46140
46163
47112
46112
46122
46123
46167
46168
46106
46131
46142
46143
46184
46307
46324
46342
46410
46017
46107
46201
46203
46205
46208
46214
46216
46217
46218
46219
46220
46221
46222
46224
46225
46226
46227
46228
46229
46231
46234
46235
46236
46237
46239
46240
46241
46250
46254
46256
46259
46260
46268
46278
46511
46113
46304
46135
46176
47714
47327
46568
60471
46201
46208
46113
66030
66061
66111
70812
70814
70816
70811
70814
70816
70785
55014
55070
55421
55434
55449
55075
55316
55359
55375
55384
55411
55417
55423
55106
55107
55109
55119
55021
55806
55379
56303
55025
64083
64024
64068
64117
64118
64119
64155
64465
64014
64015
64016
64030
64034
64052
64055
64057
64064
64131
64133
64134
64137
64138
64145
64079
38637
38654
64129
64134
64138
27215
27217
27302
28025
28027
28075
28081
28083
28630
28638
28645
28602
28650
28658
27312
28303
28304
28311
28348
27701
27703
27704
27705
27706
27707
27712
27713
27549
28012
28052
28054
28056
28120
28115
28677
27504
27520
27524
27527
27569
27576
27577
28037
28031
28078
28105
28110
28134
28205
28206
28208
28210
28211
28212
28213
28214
28215
28216
28217
28227
28262
28269
28273
28277
28278
27243
27278
27510
27514
27516
27517
28144
28146
28159
28079
28104
28110
28173
27502
27511
27513
27518
27519
27526
27529
27539
27540
27545
27560
27562
27571
27587
27591
27592
27597
27601
27603
27604
27606
27607
27608
27609
27610
27612
27613
27614
27615
27616
27617
29732
29745
28025
28262
28277
45011
45013
45014
45015
45044
45050
45069
45102
45103
45245
44017
44022
44070
44102
44104
44105
44106
44107
44108
44109
44110
44111
44112
44113
44116
44117
44118
44119
44120
44121
44122
44123
44124
44125
44126
44128
44129
44130
44131
44132
44133
44134
44135
44136
44137
44138
44139
44140
44141
44142
44143
44144
44145
44146
44147
44149
43015
43021
43035
43065
43074
43082
44089
43112
43130
43147
43004
43016
43026
43068
43081
43085
43110
43119
43123
43125
43202
43204
43205
43206
43207
43209
43211
43213
43214
43219
43223
43224
43227
43228
43229
43230
43231
43232
43235
44021
44023
44024
44062
45002
45211
45212
45213
45215
45216
45217
45218
45220
45224
45225
45227
45230
45231
45233
45235
45236
45237
45238
45239
45240
45241
45242
45244
45246
45247
45248
45251
45255
43138
44057
44060
44077
44092
44094
44095
43023
43055
43062
44011
44012
44028
44035
44039
44044
44052
44053
44054
44055
44090
43151
44212
44254
43076
43113
43146
44241
44056
44067
44087
44224
44236
43040
45005
45036
45039
45040
45152
73064
73078
73099
73071
73072
73160
73170
73003
73008
73012
73013
73020
73110
73112
73114
73115
73119
73120
73122
73127
73130
73132
73135
73139
73142
73159
73162
73173
73179
44118
44123
43015
43065
43082
43130
43147
43004
43068
43081
43110
43119
43123
43125
43204
43205
43206
43207
43211
43213
43219
43223
43224
43227
43228
43229
43230
43231
43232
43023
43062
73099
73115
17109
17110
29621
29625
29627
29418
29485
29601
29605
29607
29609
29611
29615
29617
29644
29650
29651
29662
29673
29680
29681
29687
29690
29045
29720
29325
29360
29645
29006
29033
29036
29053
29072
29073
29160
29169
29170
29171
29172
29212
29678
29640
29642
29657
29671
29016
29061
29063
29201
29203
29204
29205
29206
29209
29210
29223
29229
29301
29302
29303
29306
29307
29316
29323
29330
29334
29335
29349
29356
29365
29369
29372
29376
29377
29385
29388
29708
29710
29715
29730
29732
29745
37020
37160
37355
37388
37011
37013
37072
37076
37115
37116
37138
37189
37207
37208
37210
37211
37212
37214
37216
37217
37218
37221
37012
37166
38637
37363
37405
37407
37409
37411
37412
37421
37174
38401
37040
37042
37073
37172
37188
37037
37086
37127
37128
37129
37130
37153
37167
38016
38018
38053
38109
38111
38115
38116
38117
38118
38119
38125
38127
38128
38134
38135
38138
38141
37066
37075
37148
37062
37135
37179
37087
37090
37122
78026
78052
78064
78063
78621
76502
78023
78109
78148
78201
78204
78207
78209
78211
78213
78216
78217
78218
78219
78220
78221
78222
78223
78224
78227
78228
78229
78230
78232
78233
78237
78238
78239
78240
78242
78244
78245
78247
78248
78249
78250
78251
78252
78253
78254
78256
78257
78258
78259
78260
78261
78264
78606
77578
77581
77584
75002
75013
75023
75025
75035
75069
75070
75071
75074
75075
75078
75098
75164
75252
75287
78070
78130
78132
78133
78163
78266
75006
75019
75038
75040
75041
75042
75043
75044
75048
75050
75051
75052
75054
75060
75061
75063
75081
75082
75088
75089
75104
75115
75134
75146
75149
75150
75159
75180
75181
75203
75208
75211
75215
75216
75217
75224
75227
75228
75229
75232
75233
75234
75236
75237
75241
75243
75248
75249
75253
75007
75010
75022
75028
75033
75034
75056
75057
75065
75067
75068
75077
76201
76205
76207
76208
76209
76210
76226
76227
76247
76249
76258
76259
76262
76266
76448
75154
76065
77053
77407
77459
77469
77477
77478
77479
77489
77494
77498
77546
77590
77591
75020
75090
75092
78108
78154
78155
77004
77008
77009
77014
77031
77032
77033
77034
77040
77041
77044
77045
77047
77048
77049
77059
77060
77064
77065
77066
77067
77068
77069
77070
77071
77072
77073
77075
77077
77078
77082
77083
77084
77085
77086
77088
77089
77090
77091
77093
77094
77095
77099
77338
77339
77345
77346
77373
77375
77377
77379
77388
77389
77396
77429
77433
77449
77450
77493
77502
77503
77504
77505
77506
77521
77530
77532
77536
77571
77598
78610
78620
78640
78666
78676
76009
76028
76033
75126
78006
78015
78028
78016
78056
77301
77302
77303
77304
77316
77318
77354
77356
77365
77378
77380
77381
77382
77384
77385
77386
76008
75032
75087
75189
76001
76002
76006
76010
76011
76012
76013
76014
76015
76016
76017
76018
76021
76022
76036
76039
76040
76051
76052
76063
76103
76104
76106
76108
76110
76111
76112
76114
76116
76117
76118
76119
76120
76123
76126
76131
76132
76133
76134
76135
76137
76140
76148
76177
76179
76180
76182
76244
76248
79602
78617
78645
78652
78653
78660
78669
78704
78721
78723
78724
78725
78727
78728
78732
78734
78736
78738
78741
78744
78745
78747
78748
78749
78750
78752
78753
78754
78757
78758
76537
76574
78613
78626
78628
78633
78634
78641
78642
78664
78665
78681
78717
78729
78114
78121
76078
77388
37128
76247
78108
76008
76140
76179
78634
78641
53218
44121
73064
73099
73160
73170
73020
73110
73115
73117
73130
73132
73139
73162
29611
75098
75134
75217
75241
75253
76201
76233
76106
76140
